Week 05

sort algorithms

2.
	1	2	3	4	5	6	7	8	9	10
start	0	1	0	3	2	4	6	2	7	6
finish	2	3	4	5	6	7	8	9	10	11
weight	2	9	6	5	7	11	8	10	4	6

   1  2  3  4  5  6  7  8  9 10 
P[ 0| 0| 0| 2| 1| 3| 5| 2| 6| 5]

    0  1  2  /3  4 /5  6 7 /8  9 /10
OPT[ 0| 2| 9| 9|14|14|20|22|22|24|24]

   [ 1  1  1  0  1  0  1  1  0  1  0]

OPT(2) = max { 	OPT(2) = 9
	     {	OPT(0) = 0

O(nlogn)

3.

capacity W = 6
item	1	2	3	4	5
value	4	12	9	6	7
weight	2	2	1	3	4

(try looking at the last item first)


OPT(W,n = max	{ OPT(W,n-1) "not take"
		{ OPT(W-wi,n-1) + valn "take"


	Weight      
      0     1       2       3        4       5       6	
{ }   0     0       0       0        0       0       0
{1}   0     0     4(0,{})  4(1,{})  4(2,{}) 4(3,{}) 4(0,{}) 
{1-2} 0     0    12(0,1)  12(1,1)  16(2,1)  16(3,1) 16(4,1)
{1-3} 0   9(0,2) 12(2,7)  21(2,2)  21(3,2)  25(4,2) 25(5,1)
{1-4} 0   9(1,3) 12(2,3)  21(3,3)  21(4,3)  25(5,3) 27(3,3)
{1-5} 0   9(1,4) 12(2,4)  21(3,4)  21(4,4)  25(5,4) 27(6,4)

0(nW)


